E	1	1	5	6	3
E	2	2	6	3	4
E	3	3	7	4	5
E	4	4	8	5	6
E	9	5	6	10	3
E	11	7	8	12	5
E	12	8	5	13	6
E	7	3	4	5	2
E	10	6	7	11	4
E	8	4	1	6	2
E	5	1	2	3	2
E	6	2	3	4	2
E	13	5	13	13	10
E	14	6	14	10	11
E	15	7	15	11	12
E	16	8	16	12	13
E	17	13	14	23	10
E	18	14	15	24	11
E	19	15	16	25	12
E	20	16	13	26	13
V	1	-2	-2	-2
V	2	2	-2	-2
V	3	2	2	-2
V	4	-2	2	-2
V	5	-2	-2	2
V	8	-2	2	2
V	7	2	2	2
V	6	2	-2	2
V	9	-1	-1	-2
V	10	1	-1	-2
V	11	1	1	-2
V	12	-1	1	-2
V	13	-1	-1	1.5
V	14	1	-1	1.5
V	15	1	1	1.5
V	16	-1	1	1.5
F	2	2	5	8	7	6
F	3	3	1	5	2	9
F	4	4	6	3	10	2
F	5	5	11	3	7	4
F	6	6	1	12	4	8
F	10	7	9	14	17	13
F	11	7	10	15	18	14
F	12	7	11	16	19	15
F	13	7	16	12	13	20

